iso_code,continent,location,last_updated_date,total_cases,new_cases,new_cases_smoothed,total_deaths,new_deaths,new_deaths_smoothed,total_cases_per_million,new_cases_per_million,new_cases_smoothed_per_million,total_deaths_per_million,new_deaths_per_million,new_deaths_smoothed_per_million,reproduction_rate,icu_patients,icu_patients_per_million,hosp_patients,hosp_patients_per_million,weekly_icu_admissions,weekly_icu_admissions_per_million,weekly_hosp_admissions,weekly_hosp_admissions_per_million,new_tests,total_tests,total_tests_per_thousand,new_tests_per_thousand,new_tests_smoothed,new_tests_smoothed_per_thousand,positive_rate,tests_per_case,tests_units,total_vaccinations,people_vaccinated,people_fully_vaccinated,new_vaccinations,new_vaccinations_smoothed,total_vaccinations_per_hundred,people_vaccinated_per_hundred,people_fully_vaccinated_per_hundred,new_vaccinations_smoothed_per_million,stringency_index,population,population_density,median_age,aged_65_older,aged_70_older,gdp_per_capita,extreme_poverty,cardiovasc_death_rate,diabetes_prevalence,female_smokers,male_smokers,handwashing_facilities,hospital_beds_per_thousand,life_expectancy,human_development_index
AFG,Asia,Afghanistan,02/05/21,60122,183,182.714,2637,6,7.857,1544.427,4.701,4.694,67.74,0.154,0.202,1.29,,,,,,,,,,,,,,,,,,240000,240000,,,8000,0.62,0.62,,206,8.33,38928341,54.422,18.6,2.581,1.337,1803.987,,597.029,9.59,,,37.746,0.5,64.83,0.511
ALB,Europe,Albania,02/05/21,131238,53,100.143,2397,1,2.714,45603.586,18.417,34.798,832.928,0.347,0.943,0.73,,,,,,,,,2258,610865,212.268,0.785,2562,0.89,0.049,20.4,tests performed,494028,,,17125,13423,17.17,,,4664,54.63,2877800,104.871,38,13.188,8.643,11803.431,1.1,304.195,10.08,7.1,51.2,,2.89,78.57,0.795
DZA,Africa,Algeria,02/05/21,122522,211,228.571,3270,9,9,2794.05,4.812,5.212,74.571,0.205,0.205,1.2,,,,,,,,,,,,,,,,,,,,,,,,,,,85.19,43851043,17.348,29.1,6.211,3.857,13913.839,0.5,278.364,6.73,0.7,30.4,83.741,1.9,76.88,0.748
AGO,Africa,Angola,02/05/21,26993,178,197.714,602,2,3.286,821.298,5.416,6.016,18.317,0.061,0.1,1.2,,,,,,,,,,,,,,,,,,456349,456349,,,16736,1.39,1.39,,509,,32866268,23.89,16.8,2.405,1.362,5819.495,,276.045,3.94,,,26.664,,61.15,0.581
ATG,North America,Antigua and Barbuda,02/05/21,1232,0,0.714,32,0,0.143,12580.672,0,7.294,326.771,0,1.459,0.56,,,,,,,,,,,,,,,,,,29754,29754,,,250,30.38,30.38,,2553,,97928,231.845,32.1,6.933,4.631,21490.943,,191.511,13.17,,,,3.8,77.02,0.778
ARG,South America,Argentina,02/05/21,3005259,11394,20625,64252,156,372.571,66494.243,252.103,456.348,1421.637,3.452,8.244,0.99,,,,,,,,,31872,8563665,189.479,0.705,38492,0.852,0.307,3.3,tests performed,7997902,7025492,972410,26432,123279,17.7,15.54,2.15,2728,,45195777,16.177,31.9,11.198,7.441,18933.907,0.6,191.032,5.5,16.2,27.7,,5,76.67,0.845
ARM,Asia,Armenia,02/05/21,216863,267,510.714,4139,11,17.286,73184.568,90.104,172.35,1396.785,3.712,5.833,0.78,,,,,,,,,4284,979060,330.403,1.446,3937,1.329,0.15,6.7,tests performed,,,,,,,,,,,2963234,102.931,35.7,11.232,7.571,8787.58,1.8,341.01,7.11,1.5,52.1,94.043,4.2,75.09,0.776
AUS,Oceania,Australia,02/05/21,29838,14,22.571,910,0,0,1170.123,0.549,0.885,35.686,0,0,1.09,,,,,,,,,50422,16796517,658.69,1.977,43943,1.723,0.001,1922.5,tests performed,2254074,,,19230,45714,8.84,,,1793,75.46,25499881,3.202,37.9,15.504,10.129,44648.71,0.5,107.791,5.07,13,16.5,,3.84,83.44,0.944
AUT,Europe,Austria,02/05/21,622110,1625,1875.857,10245,12,22.571,69074.214,180.427,208.28,1137.524,1.332,2.506,0.87,521,57.848,1279,142.01,,,,,426701,31263052,3471.204,47.378,275412,30.58,,,tests performed,3194219,2341905,852441,16265,48779,35.47,26,9.46,5416,77.31,9006400,106.749,44.4,19.202,13.748,45436.686,0.7,145.183,6.35,28.4,30.9,,7.37,81.54,0.922
AZE,Asia,Azerbaijan,02/05/21,321380,1058,1196.286,4561,23,27.143,31696.859,104.348,117.986,449.839,2.268,2.677,0.74,,,,,,,,,11756,3229867,318.553,1.159,,,,,tests performed,1516923,975208,541715,11717,13375,14.96,9.62,5.34,1319,72.22,10139175,119.309,32.4,6.018,3.871,15847.419,,559.812,7.11,0.3,42.5,83.241,4.7,73,0.756
BHS,North America,Bahamas,02/05/21,10519,66,67,209,10,1.857,26749.024,167.833,170.376,531.471,25.429,4.723,1.37,,,,,,,,,,,,,,,,,,25692,25692,,,541,6.53,6.53,,1376,59.72,393248,39.497,34.3,8.996,5.2,27717.847,,235.954,13.17,3.1,20.4,,2.9,73.92,0.814
BHR,Asia,Bahrain,02/05/21,179297,1300,1132.429,651,3,3.857,105370.705,763.994,665.515,382.585,1.763,2.267,1.03,,,,,,,,,19055,4079066,2397.218,11.198,15901,9.345,0.069,14.6,units unclear,1264087,717024,547063,17848,11907,74.29,42.14,32.15,6998,56.48,1701583,1935.907,32.4,2.372,1.387,43290.705,,151.689,16.52,5.8,37.6,,2,77.29,0.852
BGD,Asia,Bangladesh,02/05/21,761943,1359,2374.429,11579,69,75.143,4626.546,8.252,14.418,70.308,0.419,0.456,0.65,,,,,,,,,24928,5444255,33.058,0.151,23940,0.145,0.125,8,tests performed,8625350,5819656,2805694,107549,125527,5.24,3.53,1.7,762,88.89,164689383,1265.036,27.5,5.098,3.262,3523.984,14.8,298.003,8.38,1,44.7,34.808,0.8,72.59,0.632
BRB,North America,Barbados,02/05/21,3866,3,6,44,0,0,13452.993,10.439,20.879,153.112,0,0,0.95,,,,,,,,,,,,,,,,,,74608,74608,,390,269,25.96,25.96,,936,66.67,287371,664.463,39.8,14.952,9.473,16978.068,,170.05,13.57,1.9,14.5,88.469,5.8,79.19,0.814
BLR,Europe,Belarus,02/05/21,361063,1081,1159,2562,10,9.857,38210.47,114.4,122.654,271.131,1.058,1.043,0.97,,,,,,,,,19354,5832409,617.23,2.048,15569,1.648,0.08,12.5,tests performed,328500,244000,84500,,15029,3.48,2.58,0.89,1590,19.44,9449321,46.858,40.3,14.799,9.788,17167.967,,443.129,5.18,10.5,46.1,,11,74.79,0.823
BEL,Europe,Belgium,02/05/21,995562,2128,3020.571,24291,33,38.143,85901.207,183.613,260.627,2095.928,2.847,3.291,0.92,886,76.448,2883,248.757,,,1609.328,138.859,52621,12474082,1076.315,4.54,45153,3.896,0.079,12.7,tests performed,3902903,3070545,835126,2776,57640,33.68,26.49,7.21,4973,60.19,11589616,375.564,41.8,18.571,12.849,42658.576,0.2,114.898,4.29,25.1,31.4,,5.64,81.63,0.931
BLZ,North America,Belize,02/05/21,12668,0,9.857,323,0,0.286,31859.484,0,24.79,812.331,0,0.719,1.11,,,,,,,,,,,,,,,,,,42100,42100,,1086,715,10.59,10.59,,1798,50.93,397621,16.426,25,3.853,2.279,7824.362,,176.957,17.11,,,90.083,1.3,74.62,0.716
BEN,Africa,Benin,02/05/21,7821,0,14.429,99,0,0.286,645.127,0,1.19,8.166,0,0.024,0.83,,,,,,,,,,,,,,,,,,,,,,,,,,,33.33,12123198,99.11,18.8,3.244,1.942,2064.236,49.6,235.848,0.99,0.6,12.3,11.035,0.5,61.77,0.545
BTN,Asia,Bhutan,02/05/21,1111,5,12.714,1,0,0,1439.843,6.48,16.478,1.296,0,0,1.47,,,,,,,,,2206,698560,905.325,2.859,3022,3.916,0.003,289.8,samples tested,480498,480498,,76,117,62.27,62.27,,152,66.67,771612,21.188,28.6,4.885,2.977,8708.597,1.5,217.066,9.75,,,79.807,1.7,71.78,0.654
BOL,South America,Bolivia,02/05/21,306527,0,1266.857,13009,0,26.429,26259.422,0,108.529,1114.449,0,2.264,1.23,,,,,,,,,11252,1142192,97.849,0.964,8895,0.762,0.141,7.1,tests performed,848149,614600,233549,39098,27362,7.27,5.27,2,2344,27.78,11673029,10.202,25.4,6.704,4.393,6885.829,7.1,204.299,6.89,,,25.383,1.1,71.51,0.718
BIH,Europe,Bosnia and Herzegovina,02/05/21,198461,0,532.571,8551,0,49.714,60491.372,0,162.329,2606.365,0,15.153,0.8,,,,,,,,,3168,903942,275.524,0.966,2833,0.864,0.176,5.7,tests performed,,63376,,,,,1.93,,,45.37,3280815,68.496,42.5,16.569,10.711,11713.895,0.2,329.635,10.08,30.2,47.7,97.164,3.5,77.4,0.78
BWA,Africa,Botswana,02/05/21,46934,0,154.143,712,0,3,19958.114,0,65.547,302.769,0,1.276,1.08,,,,,,,,,,,,,,,,,,47160,47160,,,1501,2.01,2.01,,638,,2351625,4.044,25.8,3.941,2.242,15807.374,,237.372,4.81,5.7,34.4,,1.8,69.59,0.735
BRA,South America,Brazil,02/05/21,14754910,28935,59160.429,407639,1202,2406,69415.464,136.127,278.324,1917.765,5.655,11.319,0.98,,,,,,,,,,,,,,,,,,43173356,29421191,13752165,137177,735178,20.31,13.84,6.47,3459,,212559409,25.04,33.5,8.552,5.06,14103.452,3.4,177.961,8.11,10.1,17.9,,2.2,75.88,0.765
BRN,Asia,Brunei,02/05/21,227,0,0.571,3,0,0,518.877,0,1.306,6.857,0,0,0.63,,,,,,,,,,,,,,,,,,10715,10715,,,494,2.45,2.45,,1129,40.74,437483,81.347,32.4,4.591,2.382,71809.251,,201.285,12.79,2,30.9,,2.7,75.86,0.838
BGR,Europe,Bulgaria,02/05/21,405194,348,1099.143,16492,48,83.571,58314.342,50.083,158.185,2373.481,6.908,12.027,0.66,738,106.211,8087,1163.858,,,,,16258,2509499,361.16,2.34,12874,1.853,0.124,8.1,tests performed,824623,608428,216195,3405,14483,11.87,8.76,3.11,2084,48.15,6948445,65.18,44.7,20.801,13.272,18563.307,1.5,424.688,5.81,30.1,44.4,,7.454,75.05,0.816
BFA,Africa,Burkina Faso,02/05/21,13319,0,8,157,0,0.143,637.173,0,0.383,7.511,0,0.007,0.88,,,,,,,,,,,,,,,,,,,,,,,,,,,30.56,20903278,70.151,17.6,2.409,1.358,1703.102,43.7,269.048,2.42,1.6,23.9,11.877,0.4,61.58,0.452
BDI,Africa,Burundi,02/05/21,4038,20,26.429,6,0,0,339.591,1.682,2.223,0.505,0,0,1.12,,,,,,,,,,,,,,,,,,,,,,,,,,,15.74,11890781,423.062,17.5,2.562,1.504,702.225,71.7,293.068,6.05,,,6.144,0.8,61.58,0.433
KHM,Asia,Cambodia,02/05/21,14520,730,649.286,103,7,4.143,868.475,43.663,38.835,6.161,0.419,0.248,1.45,,,,,,,,,,,,,,,,,,2411279,1422722,988557,76570,54759,14.42,8.51,5.91,3275,72.22,16718971,90.672,25.6,4.412,2.385,3645.07,,270.892,4,2,33.7,66.229,0.8,69.82,0.594
CMR,Africa,Cameroon,02/05/21,72250,0,893.143,1107,0,16.571,2721.705,0,33.645,41.701,0,0.624,0.45,,,,,,,,,,,,,,,,,,,,,,,,,,,,26545864,50.885,18.8,3.165,1.919,3364.926,23.8,244.661,7.2,,,2.735,1.3,59.29,0.563
CAN,North America,Canada,02/05/21,1240878,5966,7698.143,24269,24,45.571,32877.771,158.073,203.967,643.021,0.636,1.207,0.99,1468,38.895,4068,107.784,,,,,151954,31325175,829.978,4.026,129531,3.432,0.062,16.2,tests performed,13825476,12696698,1128778,173101,254348,36.63,33.64,2.99,6739,75.46,37742157,4.037,41.4,16.984,10.797,44017.591,0.5,105.599,7.37,12,16.6,,2.5,82.43,0.929
CPV,Africa,Cape Verde,02/05/21,24368,241,288.429,223,3,2.857,43828.284,433.463,518.768,401.088,5.396,5.139,1.26,,,,,,,,,1204,,,2.166,,,,,tests performed,,,,,,,,,,,555988,135.58,25.7,4.46,3.437,6222.554,,182.219,2.42,2.1,16.5,,2.1,72.98,0.665
CAF,Africa,Central African Republic,02/05/21,6411,0,26.714,88,0,0.429,1327.394,0,5.531,18.22,0,0.089,1.12,,,,,,,,,,,,,,,,,,,,,,,,,,,12.96,4829764,7.479,18.3,3.655,2.251,661.24,,435.727,6.1,,,16.603,1,53.28,0.397
TCD,Africa,Chad,02/05/21,4828,4,8.286,170,0,0.143,293.927,0.244,0.504,10.35,0,0.009,1.02,,,,,,,,,,,,,,,,,,,,,,,,,,,25,16425859,11.833,16.7,2.486,1.446,1768.153,38.4,280.995,6.1,,,5.818,,54.24,0.398
CHL,South America,Chile,02/05/21,1210920,7165,5912,26561,104,100.714,63345.196,374.813,309.266,1389.449,5.44,5.269,0.92,,,,,,,,,63239,12979820,678.996,3.308,57894,3.029,0.106,9.4,tests performed,14848435,8112125,6736310,1785,107266,77.67,42.44,35.24,5611,84.72,19116209,24.282,35.4,11.087,6.938,22767.037,1.3,127.993,8.46,34.2,41.5,,2.11,80.18,0.851
CHN,Asia,China,02/05/21,102530,13,20.857,4846,0,0.143,71.235,0.009,0.014,3.367,0,0,0.98,,,,,,,,,,,,,,,,,,275338000,,,4932000,7205286,19.13,,,5006,78.24,1439323774,147.674,38.7,10.641,5.929,15308.712,0.7,261.899,9.74,1.9,48.4,,4.34,76.91,0.761
COL,South America,Colombia,02/05/21,2893655,15909,17027.286,74477,485,446.571,56868.927,312.659,334.637,1463.695,9.532,8.776,1.05,,,,,,,,,89339,14675095,288.409,1.756,82827,1.628,0.236,4.2,tests performed,5112694,3412223,1700471,126223,101726,10.05,6.71,3.34,1999,88.89,50882884,44.223,32.2,7.646,4.312,13254.949,4.5,124.24,7.44,4.7,13.5,65.386,1.71,77.29,0.767
COM,Africa,Comoros,02/05/21,3839,1,1.429,146,0,0,4414.699,1.15,1.643,167.894,0,0,0.79,,,,,,,,,,,,,,,,,,,,,,,,,,,,869595,437.352,20.4,2.963,1.726,1413.89,18.1,261.516,11.88,4.4,23.6,15.574,2.2,64.32,0.554
COG,Africa,Congo,02/05/21,10678,0,0,144,0,0,1935.089,0,0,26.096,0,0,0.16,,,,,,,,,,,,,,,,,,,,,,,,,,,53.7,5518092,15.405,19,3.402,2.063,4881.406,37,344.094,7.2,1.7,52.3,47.964,,64.57,0.574
CRI,North America,Costa Rica,02/05/21,250991,0,1747.286,3231,0,12.571,49270.786,0,343.001,634.261,0,2.468,1.34,,,,,,,,,4526,798469,156.743,0.888,5012,0.984,0.27,3.7,people tested,818884,538682,280202,,17222,16.08,10.57,5.5,3381,62.04,5094114,96.079,33.6,9.468,5.694,15524.995,1.3,137.973,8.78,6.4,17.4,83.841,1.13,80.28,0.81
CIV,Africa,Cote d'Ivoire,02/05/21,46114,0,37.429,286,0,0.571,1748.181,0,1.419,10.842,0,0.022,0.75,,,,,,,,,1653,590207,22.375,0.063,1773,0.067,0.02,50.5,samples tested,163176,163176,,4195,6329,0.62,0.62,,240,25.93,26378275,76.399,18.7,2.933,1.582,3601.006,28.2,303.74,2.42,,,19.351,,57.78,0.538
HRV,Europe,Croatia,02/05/21,335173,944,1792.429,7182,52,46.857,81644.609,229.948,436.617,1749.459,12.667,11.414,0.87,,,2288,557.333,,,1736.929,423.098,9282,1804187,439.481,2.261,8739,2.129,0.229,4.4,people tested,908839,708137,200702,1264,16177,22.14,17.25,4.89,3941,49.07,4105268,73.726,44,19.724,13.053,22669.797,0.7,253.782,5.59,34.3,39.9,,5.54,78.49,0.851
CYP,Europe,Cyprus,02/05/21,66372,463,574.714,313,1,2.143,75775.86,528.6,656.142,357.347,1.142,2.446,0.93,38,43.384,301,343.647,16.768,19.144,205.164,234.233,40811,5142725,5871.368,46.593,53116,60.642,0.015,65.2,tests performed,236265,176082,60183,4698,4832,26.97,20.1,6.87,5517,69.44,875899,127.657,37.3,13.416,8.563,32415.132,,141.171,9.24,19.6,52.7,,3.4,80.98,0.887
CZE,Europe,Czechia,02/05/21,1634114,1182,2104.429,29343,27,54.429,152592.842,110.375,196.511,2740.036,2.521,5.083,0.78,725,67.7,3178,296.76,1378.937,128.765,5914.308,552.275,170010,,,15.875,156344,14.599,0.014,71.4,tests performed,3201704,2195779,1012157,19796,53057,29.9,20.5,9.45,4954,56.48,10708982,137.176,43.3,19.027,11.58,32605.906,,227.485,6.82,30.5,38.3,,6.63,79.38,0.9
COD,Africa,Democratic Republic of Congo,02/05/21,29965,61,55.571,768,0,1.714,334.575,0.681,0.62,8.575,0,0.019,1.02,,,,,,,,,289,,,0.003,368,0.004,0.208,4.8,samples tested,1700,1700,,,243,0,0,,3,28.7,89561404,35.879,17,3.02,1.745,808.133,77.1,318.949,6.1,,,4.472,,60.68,0.48
DNK,Europe,Denmark,02/05/21,253607,867,755.857,2491,1,2.143,43784.204,149.684,130.496,430.061,0.173,0.37,1.09,40,6.906,181,31.249,,,189.003,32.631,,,,,,,,,,2007041,1350867,656174,13365,32342,34.65,23.32,11.33,5584,56.48,5792203,136.52,42.3,19.677,12.325,46682.515,0.2,114.767,6.41,19.3,18.8,,2.5,80.9,0.94
DJI,Africa,Djibouti,02/05/21,11157,36,50.714,146,1,1.429,11292.487,36.437,51.33,147.773,1.012,1.446,0.8,,,,,,,,,,,,,,,,,,,,,,,,,,,37.96,988002,41.285,25.4,4.213,2.38,2705.406,22.5,258.037,6.05,1.7,24.5,,1.4,67.11,0.524
DOM,North America,Dominican Republic,02/05/21,267455,594,370.286,3493,6,5.571,24654.993,54.757,34.134,321.998,0.553,0.514,0.88,,,,,,,,,2967,1399642,129.024,0.274,2996,0.276,0.173,5.8,samples tested,1982185,1185502,796683,12167,36563,18.27,10.93,7.34,3371,70.37,10847904,222.873,27.6,6.981,4.419,14600.861,1.6,266.653,8.2,8.5,19.1,55.182,1.6,74.08,0.756
ECU,South America,Ecuador,02/05/21,387299,2710,1991,18740,16,80.429,21951.918,153.601,112.849,1062.174,0.907,4.559,1.06,,,,,,,,,6377,1217273,68.994,0.361,5321,0.302,0.398,2.5,people tested,1034338,791651,242687,46886,43089,5.86,4.49,1.38,2442,,17643060,66.939,28.1,7.104,4.458,10581.936,3.6,140.448,5.55,2,12.3,80.635,1.5,77.01,0.759
EGY,Africa,Egypt,02/05/21,229635,1051,1016,13469,67,60,2243.967,10.27,9.928,131.618,0.655,0.586,1.11,,,,,,,,,,,,,,,,,,,,,,,,,,,50.93,102334403,97.999,25.3,5.159,2.891,10550.206,1.3,525.432,17.31,0.2,50.1,89.827,1.6,71.99,0.707
SLV,North America,El Salvador,02/05/21,69198,0,104.286,2132,8,4.143,10668.495,0,16.078,328.698,1.233,0.639,0.72,,,,,,,,,2487,892564,137.61,0.383,2308,0.356,0.066,15.2,tests performed,915725,839870,75855,40656,31022,14.12,12.95,1.17,4783,,6486201,307.811,27.6,8.273,5.417,7292.458,2.2,167.295,8.87,2.5,18.8,90.65,1.3,73.32,0.673
GNQ,Africa,Equatorial Guinea,02/05/21,7694,0,19.286,112,0,0.714,5484.022,0,13.746,79.83,0,0.509,0.78,,,,,,,,,,,,,,,,,,75518,64646,10872,,3557,5.38,4.61,0.77,2535,,1402985,45.194,22.4,2.846,1.752,22604.873,,202.812,7.78,,,24.64,2.1,58.74,0.592
ERI,Africa,Eritrea,02/05/21,3671,0,9.429,10,0,0,1035.126,0,2.659,2.82,0,0,1.01,,,,,,,,,,,,,,,,,,,,,,,,,,,64.81,3546427,44.304,19.3,3.607,2.171,1510.459,,311.11,6.05,0.2,11.4,,0.7,66.32,0.459
EST,Europe,Estonia,02/05/21,122685,235,352.857,1168,2,3.571,92485.031,177.153,265.998,880.487,1.508,2.692,0.85,62,46.738,409,308.321,40.925,30.851,245.549,185.105,4702,1283679,967.69,3.545,4125,3.11,0.084,11.8,tests performed,464935,339651,125284,2443,7630,35.05,25.6,9.44,5752,50,1326539,31.033,42.7,19.452,13.491,29481.252,0.5,255.569,4.02,24.5,39.3,,4.69,78.74,0.892
SWZ,Africa,Eswatini,02/05/21,18458,0,2.286,671,0,0,15909.82,0,1.97,578.367,0,0,0.13,,,,,,,,,,,,,,,,,,34897,34897,,253,491,3.01,3.01,,423,62.96,1160164,79.492,21.5,3.163,1.845,7738.975,,333.436,3.94,1.7,16.5,24.097,2.1,60.19,0.611
ETH,Africa,Ethiopia,02/05/21,258384,322,872.143,3726,17,25,2247.529,2.801,7.586,32.41,0.148,0.217,0.68,,,,,,,,,6198,2574544,22.394,0.054,6557,0.057,0.184,5.4,tests performed,,,,,,,,,,43.52,114963583,104.957,19.8,3.526,2.063,1729.927,26.7,182.634,7.47,0.4,8.5,7.96,0.3,66.6,0.485
FJI,Oceania,Fiji,02/05/21,119,0,4,2,0,0,132.747,0,4.462,2.231,0,0,,,,,,,,,,955,49632,55.365,1.065,878,0.979,0.005,192.1,tests performed,,,,,,,,,,56.48,896444,49.562,28.6,6.224,3.284,8702.975,1.4,412.82,14.49,10.2,34.8,,2.3,67.44,0.743
FIN,Europe,Finland,02/05/21,87228,132,203.429,914,0,1.571,15743.086,23.824,36.715,164.961,0,0.284,0.84,31,5.595,132,23.824,,,,,124,4471333,806.995,0.022,12520,2.26,0.018,57.1,tests performed,1863380,1694744,168636,2195,25760,33.63,30.59,3.04,4649,52.31,5540718,18.136,42.8,21.228,13.264,40585.721,,153.507,5.76,18.3,22.6,,3.28,81.91,0.938
FRA,Europe,France,02/05/21,5713393,9888,22038.857,104980,113,280.429,83838.399,145.097,323.398,1540.478,1.658,4.115,0.9,5978,87.721,30287,444.432,2954.879,43.36,12108.019,177.673,414890,,,6.088,300669,4.412,0.096,10.4,people tested,22284791,15782608,6562111,208438,383156,32.7,23.16,9.63,5622,75,68147687,122.578,42,19.718,13.079,38605.671,,86.06,4.77,30.1,35.6,,5.98,82.66,0.901
GAB,Africa,Gabon,02/05/21,23075,0,91.714,139,0,0.143,10367.394,0,41.206,62.451,0,0.064,1.06,,,,,,,,,,,,,,,,,,8897,6895,2002,,448,0.4,0.31,0.09,201,71.3,2225728,7.859,23.1,4.45,2.976,16562.413,3.4,259.967,7.2,,,,6.3,66.47,0.703
GMB,Africa,Gambia,02/05/21,5901,3,6.286,175,1,0.286,2441.796,1.241,2.601,72.414,0.414,0.118,0.91,,,,,,,,,,,,,,,,,,20922,20922,,,279,0.87,0.87,,115,38.89,2416664,207.566,17.5,2.339,1.417,1561.767,10.1,331.43,1.91,0.7,31.2,7.876,1.1,62.05,0.496
GEO,Asia,Georgia,02/05/21,312445,988,1242,4151,21,18,78323.212,247.67,311.343,1040.566,5.264,4.512,1.12,,,,,,,,,31958,4156000,1041.819,8.011,25898,6.492,0.047,21.2,tests performed,45338,45338,,1770,1492,1.14,1.14,,374,64.81,3989175,65.032,38.7,14.864,10.244,9745.079,4.2,496.218,7.11,5.3,55.5,,2.6,73.77,0.812
DEU,Europe,Germany,02/05/21,3432676,8776,17997.714,83292,85,231.571,40970.57,104.746,214.811,994.128,1.015,2.764,0.98,5040,60.155,,,,,2434.938,29.062,,55421229,661.478,,201323,2.403,0.125,8,tests performed,30147919,23492053,6655866,250114,653826,35.98,28.04,7.94,7804,75,83783945,237.016,46.6,21.453,15.957,45229.245,,156.139,8.31,28.2,33.1,,8,81.33,0.947
GHA,Africa,Ghana,02/05/21,92601,0,62.143,779,0,0.286,2980.117,0,2,25.07,0,0.009,0.96,,,,,,,,,11815,1087417,34.996,0.38,4137,0.133,0.019,53.2,samples tested,849527,849527,,,710,2.73,2.73,,23,50.93,31072945,126.719,21.1,3.385,1.948,4227.63,12,298.245,4.97,0.3,7.7,41.047,0.9,64.07,0.611
GRC,Europe,Greece,02/05/21,346422,0,1899,10453,0,63.714,33236.126,0,182.192,1002.873,0,6.113,0.87,,,,,319.93,30.694,,,71099,8079691,775.175,6.821,55319,5.307,0.043,23.5,samples tested,3115339,2170847,944492,17646,41959,29.89,20.83,9.06,4026,87.96,10423056,83.479,45.3,20.396,14.524,24574.382,1.5,175.695,4.55,35.3,52,,4.21,82.24,0.888
GRD,North America,Grenada,02/05/21,160,0,0.143,1,0,0,1421.982,0,1.27,8.887,0,0,-0,,,,,,,,,,,,,,,,,,15397,12666,2731,694,376,13.68,11.26,2.43,3342,,112519,317.132,29.4,7.304,5.021,13593.877,,243.964,10.71,,,,3.7,72.4,0.779
GTM,North America,Guatemala,02/05/21,228684,207,998,7558,15,21.143,12764.542,11.554,55.706,421.868,0.837,1.18,1.02,,,,,,,,,9775,1251067,69.831,0.546,7598,0.424,0.156,6.4,people tested,171267,169369,1898,434,812,0.96,0.95,0.01,45,58.33,17915567,157.834,22.9,4.694,3.016,7423.808,8.7,155.898,10.18,,,76.665,0.6,74.3,0.663
GIN,Africa,Guinea,02/05/21,22304,57,50.143,145,1,0.714,1698.344,4.34,3.818,11.041,0.076,0.054,0.98,,,,,,,,,,,,,,,,,,143534,95312,48222,2240,2373,1.09,0.73,0.37,181,61.11,13132792,51.755,19,3.135,1.733,1998.926,35.3,336.717,2.42,,,17.45,0.3,61.6,0.477
GNB,Africa,Guinea-Bissau,02/05/21,3736,0,1.429,67,0,0,1898.376,0,0.726,34.045,0,0,0.74,,,,,,,,,,,,,,,,,,,,,,,,,,,,1967998,66.191,19.4,3.002,1.565,1548.675,67.1,382.474,2.42,,,6.403,,58.32,0.48
GUY,South America,Guyana,02/05/21,13518,114,116.429,299,1,2.143,17186.25,144.935,148.023,380.137,1.271,2.724,1.13,,,,,,,,,,,,,,,,,,126800,124000,2800,,4743,16.12,15.76,0.36,6030,60.19,786559,3.952,26.3,5.305,2.837,7435.047,,373.159,11.62,,,77.159,1.6,69.91,0.682
HTI,North America,Haiti,02/05/21,13094,38,19.429,254,0,0.429,1148.341,3.333,1.704,22.276,0,0.038,1.23,,,,,,,,,,,,,,,,,,,,,,,,,,,32.41,11402533,398.448,24.3,4.8,2.954,1653.173,23.5,430.548,6.65,2.9,23.1,22.863,0.7,64,0.51
HND,North America,Honduras,02/05/21,213167,0,894.286,5318,0,25.286,21522.003,0,90.29,536.922,0,2.553,1.17,,,,,,,,,,,,,,,,,,,,,,,,,,,,9904608,82.805,24.9,4.652,2.883,4541.795,16,240.208,7.21,2,,84.169,0.7,75.27,0.634
HUN,Europe,Hungary,02/05/21,782892,1593,1910.571,27802,101,168.143,81041.784,164.901,197.775,2877.95,10.455,17.405,0.63,,,6284,650.494,,,,,23748,4922704,509.578,2.458,20001,2.07,0.111,9,tests performed,6150309,4073149,2077160,69755,125906,63.67,42.16,21.5,13033,66.67,9660350,108.043,43.4,18.577,11.976,26777.561,0.5,278.296,7.55,26.8,34.8,,7.02,76.88,0.854
ISL,Europe,Iceland,02/05/21,6472,0,11.714,29,0,0,18965.568,0,34.328,84.982,0,0,1.01,,,5,14.652,,,4.686,13.731,1398,348819,1022.18,4.097,1545,4.527,0.008,124.3,tests performed,145261,109409,36228,12197,4366,42.57,32.06,10.62,12794,50,341250,3.404,37.3,14.431,9.207,46482.958,0.2,117.992,5.31,14.3,15.2,,2.91,82.99,0.949
IND,Asia,India,02/05/21,19925517,368060,373193.429,218959,3417,3405.143,14438.735,266.709,270.429,158.665,2.476,2.467,1.31,,,,,,,,,1920107,286392086,207.53,1.391,1706633,1.237,0.212,4.7,samples tested,154211511,126704151,27507360,585186,2146620,11.17,9.18,1.99,1556,73.61,1380004385,450.419,28.2,5.989,3.414,6426.674,21.2,282.28,10.39,1.9,20.6,59.55,0.53,69.66,0.645
IDN,Asia,Indonesia,02/05/21,1677274,4394,5154.286,45796,144,171.714,6132.099,16.064,18.844,167.43,0.526,0.628,0.98,,,,,,,,,55483,9769757,35.718,0.203,43093,0.158,0.12,8.4,people tested,20172516,12469406,7703110,178339,228792,7.38,4.56,2.82,836,68.98,273523621,145.725,29.3,5.319,3.053,11188.744,5.7,342.864,6.32,2.8,76.1,64.204,1.04,71.72,0.718
IRN,Asia,Iran,02/05/21,2534855,18698,19807.286,72484,394,415.714,30179.377,222.614,235.821,862.977,4.691,4.949,0.92,,,,,,,,,121490,15693870,186.847,1.446,119961,1.428,0.171,5.8,tests performed,1068123,858296,209827,65532,50809,1.27,1.02,0.25,605,81.48,83992953,49.831,32.4,5.44,3.182,19082.62,0.2,270.308,9.59,0.8,21.1,,1.5,76.68,0.783
IRQ,Asia,Iraq,02/05/21,1074930,4564,6229.714,15536,38,39.857,26724.592,113.469,154.881,386.251,0.945,0.991,0.89,,,,,,,,,45787,9244746,229.84,1.138,43730,1.087,0.163,6.1,samples tested,298377,298377,,,14352,0.74,0.74,,357,73.15,40222503,88.125,20,3.186,1.957,15663.986,2.5,218.612,8.83,,,94.576,1.4,70.6,0.674
IRL,Europe,Ireland,02/05/21,249838,401,457.857,4906,0,4.714,50597.068,81.21,92.725,993.561,0,0.955,1.08,45,9.113,174,35.238,15.914,3.223,112.394,22.762,19880,4472564,905.781,4.026,17383,3.52,0.025,40.3,tests performed,1591888,1146562,445326,19109,29448,32.24,23.22,9.02,5964,80.56,4937796,69.874,38.7,13.928,8.678,67335.293,0.2,126.459,3.28,23,25.7,,2.96,82.3,0.955
ISR,Asia,Israel,03/05/21,838554,73,75.714,6366,3,2,96880.599,8.434,8.747,735.483,0.347,0.231,0.54,64,7.394,173,19.987,38,4.39,55,6.354,34637,16101570,1860.262,4.002,31570,3.647,0.003,368.3,tests performed,10458345,5403739,5054606,9053,8715,120.83,62.43,58.4,1007,43.52,8655541,402.606,30.6,11.733,7.359,33132.32,0.5,93.32,6.74,15.4,35.4,,2.99,82.97,0.919
ITA,Europe,Italy,02/05/21,4044762,9145,11726.857,121177,144,277,66897.779,151.252,193.955,2004.19,2.382,4.581,0.91,2862,47.336,23524,389.072,,,4021.564,66.514,330075,58240981,963.269,5.459,284418,4.704,0.044,22.6,tests performed,20755863,14593168,6249347,358474,417028,34.33,24.14,10.34,6897,75,60461828,205.859,47.9,23.021,16.24,35220.084,2,113.151,4.78,19.8,27.8,,3.18,83.51,0.892
JAM,North America,Jamaica,02/05/21,45867,90,123.286,784,5,3.429,15489.533,30.393,41.634,264.761,1.689,1.158,0.82,,,,,,,,,1325,329778,111.368,0.447,1373,0.464,0.099,10.1,samples tested,,,,,,,,,,74.07,2961161,266.879,31.4,9.684,6.39,8193.571,,206.537,11.28,5.3,28.6,66.425,1.7,74.47,0.734
JPN,Asia,Japan,02/05/21,605150,5897,5218.429,10342,61,57.571,4784.685,46.625,41.26,81.77,0.482,0.455,1.11,,,,,,,,,91921,11154934,88.198,0.727,72913,0.576,0.069,14.5,people tested,3489719,2493961,995758,224954,138953,2.76,1.97,0.79,1099,47.69,126476458,347.778,48.2,27.049,18.493,39002.223,,79.37,5.72,11.2,33.7,,13.05,84.63,0.919
JOR,Asia,Jordan,02/05/21,712901,824,1535.286,8897,26,40.286,69870.746,80.759,150.472,871.986,2.548,3.948,0.69,,,,,,,,,18755,6668395,653.563,1.838,17375,1.703,0.106,9.4,tests performed,919922,699328,220594,,18787,9.02,6.85,2.16,1841,70.37,10203140,109.285,23.2,3.81,2.361,8337.49,0.1,208.257,11.75,,,,1.4,74.53,0.729
KAZ,Asia,Kazakhstan,02/05/21,381078,2637,2786.143,3349,8,4.857,20295.252,140.44,148.383,178.359,0.426,0.259,1.08,,,,,,,,,63808,10128374,539.412,3.398,50884,2.71,0.055,18.1,tests performed,1559836,1293379,266457,425854,95239,8.31,6.89,1.42,5072,62.96,18776707,6.681,30.6,6.991,4.625,24055.588,0.1,466.792,7.11,7,43.1,98.999,6.7,73.6,0.825
KEN,Africa,Kenya,02/05/21,160422,369,519.286,2763,19,20.143,2983.413,6.862,9.657,51.384,0.353,0.375,0.77,,,,,,,,,1779,1664435,30.954,0.033,5682,0.106,0.11,9.1,samples tested,853081,853081,,,14659,1.59,1.59,,273,73.15,53771300,87.324,20,2.686,1.528,2993.028,36.8,218.637,2.92,1.2,20.4,24.651,1.4,66.7,0.601
KWT,Asia,Kuwait,02/05/21,276586,1316,1376.714,1578,9,8.857,64765.7,308.156,322.373,369.506,2.107,2.074,1,,,,,,,,,9670,2307415,540.307,2.264,8754,2.05,0.161,6.2,tests performed,1000000,,,,20000,23.42,,,4683,70.37,4270563,232.128,33.7,2.345,1.114,65530.537,,132.235,15.84,2.7,37,,2,75.49,0.806
KGZ,Asia,Kyrgyzstan,02/05/21,96060,308,318.429,1619,7,5.286,14723.665,47.209,48.807,248.153,1.073,0.81,1.24,,,,,,,,,,,,,,,,,,27858,27000,858,,1610,0.43,0.41,0.01,247,54.63,6524191,32.333,26.3,4.489,2.882,3393.474,1.4,436.362,7.11,3.6,50.5,89.22,4.5,71.45,0.697
LVA,Europe,Latvia,02/05/21,119750,380,633.429,2144,5,6,63487.368,201.463,335.822,1136.676,2.651,3.181,1.09,,,594,314.919,125.57,66.573,,,16474,2245899,1190.699,8.734,13858,7.347,0.044,22.6,tests performed,316955,263964,53147,1383,7746,16.8,13.99,2.82,4107,56.48,1886202,31.212,43.9,19.754,14.136,25063.846,0.7,350.06,4.91,25.6,51,,5.57,75.29,0.866
LBN,Asia,Lebanon,02/05/21,528208,700,1038.429,7324,22,26,77388.102,102.557,152.141,1073.044,3.223,3.809,0.75,,,,,,,,,,,,,,,,,,465909,294945,170964,4151,7192,6.83,4.32,2.5,1054,74.07,6825442,594.561,31.1,8.514,5.43,13367.565,,266.591,12.71,26.9,40.7,,2.9,78.93,0.744
LSO,Africa,Lesotho,02/05/21,10733,2,0.714,318,2,0.286,5010.148,0.934,0.333,148.442,0.934,0.133,0.45,,,,,,,,,,,,,,,,,,,,,,,,,,,,2142252,73.562,22.2,4.506,2.647,2851.153,59.6,405.126,3.94,0.4,53.9,2.117,,54.33,0.527
LBR,Africa,Liberia,02/05/21,2099,0,0.286,85,0,0,415.013,0,0.056,16.806,0,0,0.08,,,,,,,,,,,,,,,,,,,,,,,,,,,43.52,5057677,49.127,19.2,3.057,1.756,752.788,38.6,272.509,2.42,1.5,18.1,1.188,0.8,64.1,0.48
LBY,Africa,Libya,02/05/21,177871,363,369.286,3039,10,6.143,25886.126,52.829,53.743,442.275,1.455,0.894,0.84,,,,,,,,,2081,,,0.303,,,,,samples tested,,,,,,,,,,79.63,6871287,3.623,29,4.424,2.816,17881.509,,341.862,10.43,,,,3.7,72.91,0.724
LTU,Europe,Lithuania,02/05/21,249680,1025,1197.571,3950,13,14.571,91716.866,376.521,439.913,1450.984,4.775,5.353,1.09,,,1164,427.581,75.996,27.916,298.137,109.517,19771,2797229,1027.528,7.263,17941,6.59,0.061,16.4,tests performed,995557,691403,304154,556,16479,36.57,25.4,11.17,6053,38.89,2722291,45.135,43.5,19.002,13.778,29524.265,0.7,342.989,3.67,21.3,38,,6.56,75.93,0.882
LUX,Europe,Luxembourg,02/05/21,67205,0,171.143,796,0,0.857,107360.346,0,273.402,1271.614,0,1.369,0.98,37,59.108,94,150.166,,,,,9418,2652698,4237.699,15.045,7688,12.282,0.023,44,tests performed,191419,140495,50924,4939,2609,30.58,22.44,8.14,4168,53.7,625976,231.447,39.7,14.312,9.842,94277.965,0.2,128.275,4.42,20.9,26,,4.51,82.25,0.916
MDG,Africa,Madagascar,02/05/21,37630,334,269.143,666,12,9.571,1358.924,12.062,9.719,24.051,0.433,0.346,0.9,,,,,,,,,1862,181638,6.559,0.067,1318,0.048,0.316,3.2,tests performed,,,,,,,,,,62.04,27691019,43.951,19.6,2.929,1.686,1416.44,77.6,405.994,3.94,,,50.54,0.2,67.04,0.528
MWI,Africa,Malawi,02/05/21,34096,1,11.429,1148,0,0.143,1782.336,0.052,0.597,60.011,0,0.007,0.86,,,,,,,,,,,,,,,,,,296127,296127,,5783,3757,1.55,1.55,,196,45.37,19129955,197.519,18.1,2.979,1.783,1095.042,71.4,227.349,3.94,4.4,24.7,8.704,1.3,64.26,0.483
MYS,Asia,Malaysia,02/05/21,415012,3418,3152.857,1533,12,13.857,12822.469,105.605,97.413,47.365,0.371,0.428,1.21,,,,,,,,,78276,9333787,288.382,2.418,69169,2.137,0.042,23.9,people tested,1453382,898094,555288,5316,23281,4.49,2.77,1.72,719,61.57,32365998,96.254,29.9,6.293,3.407,26808.164,0.1,260.942,16.74,1,42.4,,1.9,76.16,0.81
MDV,Asia,Maldives,02/05/21,30745,508,410.143,74,1,0.429,56878.096,939.797,758.762,136.9,1.85,0.793,1.49,,,,,,,,,2556,734038,1357.967,4.729,3359,6.214,0.097,10.3,samples tested,399550,296961,102589,5285,4486,73.92,54.94,18.98,8299,,540542,1454.433,30.6,4.12,2.875,15183.616,,164.905,9.19,2.1,55,95.803,,78.92,0.74
MLI,Africa,Mali,02/05/21,13915,19,41.143,489,4,3.143,687.132,0.938,2.032,24.147,0.198,0.155,0.73,,,,,,,,,,,,,,,,,,49903,49903,,,1821,0.25,0.25,,90,48.15,20250834,15.196,16.4,2.519,1.486,2014.306,,268.024,2.42,1.6,23,52.232,0.1,59.31,0.434
MLT,Europe,Malta,02/05/21,30319,12,20.714,416,1,0.429,68666.641,27.178,46.914,942.159,2.265,0.971,0.64,,,,,2.574,5.83,11.155,25.264,2040,865521,1960.237,4.62,1748,3.959,0.015,68,tests performed,339727,231511,108216,3879,4024,76.94,52.43,24.51,9114,67.59,441539,1454.037,42.4,19.426,11.324,36513.323,0.2,168.711,8.83,20.9,30.2,,4.485,82.53,0.895
MRT,Africa,Mauritania,02/05/21,18448,19,27.286,455,0,0.143,3967.602,4.086,5.868,97.857,0,0.031,1.23,,,,,,,,,,,,,,,,,,,,,,,,,,,33.33,4649660,4.289,20.3,3.138,1.792,3597.633,6,232.347,2.42,,,15.95,,64.92,0.546
MUS,Africa,Mauritius,02/05/21,1211,0,0.714,17,0,0.143,952.218,0,0.562,13.367,0,0.112,0.46,,,,,,,,,,,,,,,,,,,,,,,,,,,90.74,1271767,622.962,37.4,10.945,5.884,20292.745,0.5,224.644,22.02,3.2,40.7,,3.4,74.99,0.804
MEX,North America,Mexico,02/05/21,2348873,1093,2926,217233,65,326.571,18217.815,8.477,22.694,1684.855,0.504,2.533,0.92,,,,,,,,,7941,6178248,47.918,0.062,12372,0.096,0.175,5.7,people tested,18326726,12572997,7650150,246721,273813,14.21,9.75,5.93,2124,44.44,128932753,66.444,29.3,6.857,4.321,17336.469,2.5,152.783,13.06,6.9,21.4,87.847,1.38,75.05,0.779
MDA,Europe,Moldova,02/05/21,251335,175,313.714,5838,12,15.429,62304.736,43.382,77.768,1447.212,2.975,3.825,0.65,,,,,,,,,,,,,,,,,,147315,130218,17097,2198,3866,3.65,3.23,0.42,958,68.52,4033963,123.655,37.6,10.864,6.955,5189.972,0.2,408.502,5.72,5.9,44.6,86.979,5.8,71.9,0.75
MNG,Asia,Mongolia,02/05/21,39381,2096,1148.857,119,4,5.571,12012.658,639.357,350.444,36.299,1.22,1.699,1.25,,,,,,,,,12715,2675590,816.154,3.879,11890,3.627,0.099,10.1,samples tested,1398592,947529,451063,102054,75148,42.66,28.9,13.76,22923,96.3,3278292,1.98,28.6,4.031,2.421,11840.846,0.5,460.043,4.82,5.5,46.5,71.18,7,69.87,0.737
MNE,Europe,Montenegro,02/05/21,97619,102,137,1505,3,5.714,155428.923,162.404,218.131,2396.26,4.777,9.098,0.85,,,,,,,,,,,,,,,,,,63064,40215,22849,1319,537,10.04,6.4,3.64,855,,628062,46.28,39.1,14.762,9.395,16409.288,1,387.305,10.08,44,47.9,,3.861,76.88,0.829
MAR,Africa,Morocco,02/05/21,511856,294,356.143,9028,2,5.143,13867.468,7.965,9.649,244.591,0.054,0.139,0.81,,,,,,,,,8994,5742207,155.571,0.244,7778,0.211,0.054,18.5,people tested,9315844,5055239,4260605,790,53046,25.24,13.7,11.54,1437,71.3,36910558,80.08,29.6,6.769,4.209,7485.013,1,419.146,7.14,0.8,47.1,,1.1,76.68,0.686
MOZ,Africa,Mozambique,02/05/21,69984,19,45.571,815,1,1.143,2239.099,0.608,1.458,26.075,0.032,0.037,0.78,,,,,,,,,1903,517018,16.542,0.061,1206,0.039,0.04,24.8,units unclear,,,,,,,,,,65.74,31255435,37.728,17.7,3.158,1.87,1136.103,62.9,329.942,3.3,5.1,29.1,12.227,0.7,60.85,0.456
MMR,Asia,Myanmar,02/05/21,142838,7,18,3209,0,0.429,2625.226,0.129,0.331,58.978,0,0.008,1.28,,,,,,,,,,,,,,,,,,,,,,,,,,,81.48,54409794,81.721,29.1,5.732,3.12,5591.597,6.4,202.104,4.61,6.3,35.2,79.287,0.9,67.13,0.583
NAM,Africa,Namibia,02/05/21,48654,0,125.429,643,0,2.571,19148.213,0,49.364,253.058,0,1.012,1.04,,,,,,,,,1961,384768,151.429,0.772,1404,0.553,0.124,8,samples tested,20005,18837,1168,283,1967,0.79,0.74,0.05,774,,2540916,3.078,22,3.552,2.085,9541.808,13.4,243.811,3.94,9.7,34.2,44.6,,63.71,0.646
NPL,Asia,Nepal,02/05/21,336030,7137,5130.143,3325,27,23,11532.835,244.948,176.071,114.117,0.927,0.789,1.97,,,,,,,,,13879,2445968,83.948,0.476,10938,0.375,0.299,3.3,tests performed,2091511,2091511,,40071,17858,7.18,7.18,,613,30.56,29136808,204.43,25,5.809,3.212,2442.804,15,260.797,7.26,9.5,37.8,47.782,0.3,70.78,0.602
NLD,Europe,Netherlands,02/05/21,1534264,5511,6865.571,17425,4,20.571,89540.436,321.625,400.678,1016.932,0.233,1.201,0.91,841,49.081,1691,98.688,368.141,21.485,1634.978,95.418,,8861243,517.147,,32888,1.919,0.1,10,people tested,5265860,3880412,,89850,56034,30.73,22.65,,3270,71.3,17134873,508.544,43.2,18.779,11.881,48472.545,,109.361,5.29,24.4,27.3,,3.32,82.28,0.944
NZL,Oceania,New Zealand,02/05/21,2622,4,3,26,0,0,543.732,0.829,0.622,5.392,0,0,1,,,,,,,,,5306,2018845,418.654,1.1,3734,0.774,0.001,1967.7,tests performed,232588,172564,60024,9364,6854,4.82,3.58,1.24,1421,22.22,4822233,18.206,37.9,15.322,9.72,36085.843,,128.797,8.08,14.8,17.2,,2.61,82.29,0.931
NIC,North America,Nicaragua,02/05/21,6898,0,9,182,0,0.143,1041.278,0,1.359,27.474,0,0.022,0.09,,,,,,,,,,,,,,,,,,135130,135130,,,7350,2.04,2.04,,1110,13.89,6624554,51.667,27.3,5.445,3.519,5321.444,3.2,137.016,11.47,,,,0.9,74.48,0.66
NER,Africa,Niger,02/05/21,5251,22,8.571,191,0,0,216.924,0.909,0.354,7.89,0,0,1.09,,,,,,,,,,,,,,,,,,,,,,,,,,,34.26,24206636,16.955,15.1,2.553,1.378,926,44.5,238.339,2.42,0.1,15.4,8.978,0.3,62.42,0.394
NGA,Africa,Nigeria,02/05/21,165153,43,62,2063,0,0.143,801.171,0.209,0.301,10.008,0,0.001,0.85,,,,,,,,,,1912628,9.278,,5959,0.029,0.011,92.1,samples tested,1229733,1229733,,7624,8317,0.6,0.6,,40,47.22,206139587,209.588,18.1,2.751,1.447,5338.454,,181.013,2.42,0.6,10.8,41.949,,54.69,0.539
MKD,Europe,North Macedonia,02/05/21,152685,104,299.571,4936,45,37,73287.158,49.919,143.791,2369.227,21.6,17.76,0.59,,,,,,,,,2453,718015,344.639,1.177,2557,1.227,0.165,6.1,tests performed,61603,61603,,2733,2031,2.96,2.96,,975,,2083380,82.6,39.1,13.26,8.16,13111.214,5,322.688,10.08,,,,4.28,75.8,0.774
NOR,Europe,Norway,02/05/21,113469,210,408.143,756,0,2.857,20930.444,38.737,75.286,139.451,0,0.527,0.85,,,200,36.892,24.24,4.471,133.32,24.592,20646,5102342,941.176,3.808,18075,3.334,0.024,41.9,people tested,1700785,1343500,357285,64674,27420,31.37,24.78,6.59,5058,65.74,5421242,14.462,39.7,16.821,10.813,64800.057,0.2,114.316,5.31,19.6,20.7,,3.6,82.4,0.957
OMN,Asia,Oman,02/05/21,195807,2554,998.714,2043,33,9.429,38343.743,500.135,195.572,400.069,6.462,1.846,1.12,,,,,,,,,,,,,,,,,,315691,253000,62691,8236,10124,6.18,4.95,1.23,1983,80.56,5106622,14.98,30.7,2.355,1.53,37960.709,,266.342,12.61,0.5,15.6,97.4,1.6,77.86,0.813
PAK,Asia,Pakistan,02/05/21,834146,4213,4813.429,18149,79,137.429,3776.256,19.073,21.791,82.162,0.358,0.622,1.02,,,,,,,,,49099,11788126,53.366,0.222,50984,0.231,0.102,9.8,tests performed,,,,,,,,,,,220892331,255.573,23.5,4.495,2.78,5034.708,4,423.031,8.35,2.8,36.7,59.607,0.6,67.27,0.557
PSE,Asia,Palestine,02/05/21,297638,1176,952.286,3272,23,15,58344.193,230.524,186.671,641.391,4.509,2.94,0.54,,,,,,,,,4957,,,0.972,4877,0.956,0.232,4.3,tests performed,213989,170109,43880,496,4340,4.19,3.33,0.86,851,71.3,5101416,778.202,20.4,3.043,1.726,4449.898,1,265.91,10.59,,,,,74.05,0.708
PAN,North America,Panama,02/05/21,365104,260,305.286,6238,3,4.143,84617.296,60.258,70.754,1445.732,0.695,0.96,0.96,,,,,,,,,9134,2372526,549.862,2.117,7806,1.809,0.041,24.6,tests performed,687653,496449,191204,14807,11242,15.94,11.51,4.43,2605,65.74,4314768,55.133,29.7,7.918,5.03,22267.037,2.2,128.346,8.33,2.4,9.9,,2.3,78.51,0.815
PNG,Oceania,Papua New Guinea,02/05/21,11206,87,76.571,115,0,1.857,1252.483,9.724,8.558,12.853,0,0.208,0.86,,,,,,,,,,,,,,,,,,2900,2900,,,130,0.03,0.03,,15,65.74,8947027,18.22,22.6,3.808,2.142,3823.194,,561.494,17.65,23.5,48.8,,,64.5,0.555
PRY,South America,Paraguay,02/05/21,282543,1520,2208.714,6572,96,96,39613.293,213.108,309.668,921.412,13.459,13.459,0.98,,,,,,,,,6460,1078106,151.153,0.906,6420,0.9,0.366,2.7,tests performed,103994,92926,11068,3349,1268,1.46,1.3,0.16,178,45.37,7132530,17.144,26.5,6.378,3.833,8827.01,1.7,199.128,8.27,5,21.6,79.602,1.3,74.25,0.728
PER,South America,Peru,02/05/21,1810998,11553,7060.429,62126,649,343.143,54925.587,350.39,214.135,1884.214,19.683,10.407,1,,,,,,,,,,,,,,,,,,1663307,1040645,622662,54060,30621,5.04,3.16,1.89,929,75.93,32971846,25.129,29.1,7.151,4.455,12236.706,3.5,85.755,5.95,4.8,,,1.6,76.74,0.777
PHL,Asia,Philippines,02/05/21,1054983,8330,8208.571,17431,77,92.571,9627.419,76.017,74.909,159.069,0.703,0.845,0.91,,,,,,,,,50022,11022790,100.59,0.456,47314,0.432,0.176,5.7,people tested,1941196,1656643,284553,21345,26819,1.77,1.51,0.26,245,68.06,109581085,351.873,25.2,4.803,2.661,7599.188,,370.437,7.07,7.8,40.8,78.463,1,71.23,0.718
POL,Europe,Poland,02/05/21,2803233,4616,6339.571,68068,144,379,74068.282,121.966,167.507,1798.523,3.805,10.014,0.59,,,27336,722.284,,,,,65120,13918479,367.76,1.721,59310,1.567,0.13,7.7,people tested,11877060,8917338,2959722,389431,238603,31.38,23.56,7.82,6304,71.3,37846605,124.027,41.8,16.763,10.202,27216.445,,227.331,5.91,23.3,33.1,,6.62,78.73,0.88
PRT,Europe,Portugal,02/05/21,837277,330,405,16977,1,1.714,82112.49,32.363,39.719,1664.949,0.098,0.168,0.9,98,9.611,342,33.54,,,44.566,4.371,47866,10462333,1026.05,4.694,57090,5.599,0.008,120.8,tests performed,3421792,2513836,907934,51504,57630,33.56,24.65,8.9,5652,69.44,10196707,112.371,46.2,21.502,14.924,27936.896,0.5,127.842,9.85,16.3,30,,3.39,82.05,0.864
QAT,Asia,Qatar,02/05/21,206948,646,678.143,472,7,6.286,71830.507,224.223,235.38,163.829,2.43,2.182,0.88,,,,,,,,,5485,1899091,659.164,1.904,5233,1.816,0.136,7.3,people tested,1603913,1017019,586894,24911,26879,55.67,35.3,20.37,9330,79.63,2881060,227.322,31.9,1.307,0.617,116935.6,,176.69,16.52,0.8,26.9,,1.2,80.23,0.848
ROU,Europe,Romania,02/05/21,1057655,1083,1627.286,28282,88,126.857,54978.297,56.296,84.588,1470.136,4.574,6.594,0.66,1358,70.591,,,,,,,23385,7365132,382.849,1.216,19562,1.017,0.099,10.1,tests performed,5300469,3336830,1963639,60017,77910,27.55,17.35,10.21,4050,61.11,19237682,85.129,43,17.85,11.69,23313.199,5.7,370.946,9.74,22.9,37.1,,6.892,76.05,0.828
RUS,Europe,Russia,02/05/21,4768476,8574,8548,109011,336,368.143,32675.463,58.752,58.574,746.986,2.302,2.523,1,,,,,,,,,328298,129182804,885.211,2.25,286755,1.965,0.03,33.7,tests performed,20070743,12431003,7639740,136344,274005,13.75,8.52,5.24,1878,36.57,145934460,8.823,39.6,14.178,9.393,24765.954,0.1,431.297,6.18,23.4,58.3,,8.05,72.58,0.824
RWA,Africa,Rwanda,02/05/21,25253,28,94.286,337,2,1,1949.706,2.162,7.28,26.019,0.154,0.077,1.06,,,,,,,,,4530,1303996,100.677,0.35,4982,0.385,0.021,47.6,samples tested,350131,350131,,128,46,2.7,2.7,,4,71.3,12952209,494.869,20.3,2.974,1.642,1854.211,56,191.375,4.28,4.7,21,4.617,,69.02,0.543
LCA,North America,Saint Lucia,02/05/21,4560,0,10.571,74,0,0.571,24832.679,0,57.569,402.986,0,3.112,1.1,,,,,,,,,,,,,,,,,,24426,,,160,69,13.3,,,376,,183629,293.187,34.9,9.721,6.405,12951.839,,204.62,11.62,,,87.202,1.3,76.2,0.759
VCT,North America,Saint Vincent and the Grenadines,02/05/21,1882,18,7.429,11,0,0.143,16963.054,162.24,66.956,99.146,0,1.288,1.14,,,,,,,,,,,,,,,,,,13852,,,,155,12.49,,,1397,,110947,281.787,31.8,7.724,4.832,10727.146,,252.675,11.62,,,,2.6,72.53,0.738
SMR,Europe,San Marino,02/05/21,5066,0,2.714,90,0,0.143,149272.202,0,79.978,2651.895,0,4.209,0.52,,,,,,,,,,,,,,,,,,28970,20269,8701,857,547,85.36,59.72,25.64,16118,52.78,33938,556.667,,,,56861.47,,,5.64,,,,3.8,84.97,
STP,Africa,Sao Tome and Principe,02/05/21,2310,8,1.714,35,0,0,10540.196,36.503,7.822,159.7,0,0,0.59,,,,,,,,,,,,,,,,,,,,,,,,,,,,219161,212.841,18.7,2.886,2.162,3052.714,32.3,270.113,2.42,,,41.34,2.9,70.39,0.625
SAU,Asia,Saudi Arabia,02/05/21,419348,937,1018.857,6979,11,11.286,12045.43,26.915,29.266,200.466,0.316,0.324,1.04,,,,,,,,,63731,16838619,483.676,1.831,60654,1.742,0.017,58.6,tests performed,9557948,,,85887,188969,27.45,,,5428,50,34813867,15.322,31.9,3.295,1.845,49045.411,,259.538,17.72,1.8,25.4,,2.7,75.13,0.854
SEN,Africa,Senegal,02/05/21,40433,45,42.571,1110,1,1.143,2414.786,2.688,2.542,66.293,0.06,0.068,0.87,,,,,,,,,1309,489922,29.26,0.078,1276,0.076,0.036,27.9,tests performed,413031,413031,,1688,2132,2.47,2.47,,127,,16743930,82.328,18.7,3.008,1.796,2470.58,38,241.219,2.42,0.4,16.6,20.859,,67.94,0.512
SRB,Europe,Serbia,02/05/21,691920,989,1750.429,6409,23,26,101684.215,145.343,257.242,941.863,3.38,3.821,0.75,,,,,,,,,13832,3814540,560.583,2.033,12563,1.846,0.172,5.8,people tested,3525819,2028302,1497517,11214,38969,51.82,29.81,22.01,5727,50.93,6804596,80.291,41.2,17.366,,14048.881,,439.415,10.08,37.7,40.2,97.719,5.609,76,0.806
SYC,Africa,Seychelles,02/05/21,5873,0,84.143,28,0,0.286,59721.375,0,855.632,284.726,0,2.905,1.43,,,,,,,,,,,,,,,,,,126840,67680,59160,1301,961,128.98,68.82,60.16,9772,43.52,98340,208.354,36.2,8.606,5.586,26382.287,1.1,242.648,10.55,7.1,35.7,,3.6,73.4,0.796
SLE,Africa,Sierra Leone,02/05/21,4062,5,2.571,79,0,0,509.215,0.627,0.322,9.903,0,0,0.91,,,,,,,,,,,,,,,,,,61107,55083,6024,,721,0.77,0.69,0.08,90,50.93,7976985,104.7,19.1,2.538,1.285,1390.3,52.2,325.721,2.42,8.8,41.3,19.275,,54.7,0.452
SGP,Asia,Singapore,02/05/21,61218,39,30.286,31,0,0.143,10464.002,6.666,5.177,5.299,0,0.024,1.06,,,,,,,,,,9536636,1630.099,,36835,6.296,0.001,1289.2,samples tested,,,,,,,,,,50.93,5850343,7915.731,42.4,12.922,7.049,85535.383,,92.243,10.99,5.2,28.3,,2.4,83.62,0.938
SVK,Europe,Slovakia,02/05/21,383098,378,455.286,11766,34,38.714,70169.057,69.235,83.391,2155.086,6.228,7.091,0.79,,,1442,264.12,,,,,140718,34035158,6233.953,25.774,284678,52.142,0.004,250,tests performed,1623934,1115253,508681,15085,21410,29.74,20.43,9.32,3922,64.81,5459643,113.128,41.2,15.07,9.167,30155.152,0.7,287.959,7.29,23.1,37.7,,5.82,77.54,0.86
SVN,Europe,Slovenia,02/05/21,241672,363,663.429,4263,5,7.857,116248.15,174.609,319.12,2050.572,2.405,3.779,0.97,157,75.52,630,303.04,78.362,37.693,401.729,193.238,4442,1174592,564.998,2.137,3323,1.598,0.194,5.2,tests performed,640902,427449,213453,3439,7835,30.83,20.56,10.27,3769,56.48,2078932,102.619,44.5,19.062,12.93,31400.84,,153.493,7.25,20.1,25,,4.5,81.32,0.917
SOM,Africa,Somalia,02/05/21,13915,0,35,713,0,2.143,875.531,0,2.202,44.862,0,0.135,0.9,,,,,,,,,,,,,,,,,,,,,,,,,,,31.48,15893219,23.5,16.8,2.731,1.496,,,365.769,6.05,,,9.831,0.9,57.4,
ZAF,Africa,South Africa,02/05/21,1584064,1222,1227.571,54417,11,38.429,26708.801,20.604,20.698,917.522,0.185,0.648,1.06,,,,,,,,,34923,10625030,179.148,0.589,25337,0.427,0.046,21.7,people tested,318670,318670,318670,1014,3142,0.54,0.54,0.54,53,,59308690,46.754,27.3,5.344,3.053,12294.876,18.9,200.38,5.52,8.1,33.2,43.993,2.32,64.13,0.709
KOR,Asia,South Korea,02/05/21,123728,488,620.143,1834,1,2.429,2413.302,9.518,12.096,35.772,0.02,0.047,0.94,,,,,,,,,40394,8765781,170.976,0.788,36027,0.703,0.018,56.1,people tested,3633353,3396864,236489,2061,180223,7.09,6.63,0.46,3515,58.33,51269183,527.967,43.4,13.914,8.622,35938.374,0.2,85.998,6.8,6.2,40.9,,12.27,83.03,0.916
SSD,Africa,South Sudan,02/05/21,10583,0,7.286,115,0,0.143,945.44,0,0.651,10.274,0,0.013,0.79,,,,,,,,,677,149965,13.397,0.06,624,0.056,0.015,65.2,tests performed,,,,,,,,,,,11193729,,19.2,3.441,2.032,1569.888,,280.775,10.43,,,,,57.85,0.433
ESP,Europe,Spain,02/05/21,3524077,0,7922.857,78216,0,89.286,75373.615,0,169.456,1672.898,0,1.91,1.03,,,,,43.463,0.93,900.866,19.268,,39533769,845.556,,120266,2.572,0.072,14,tests performed,16364595,11763360,4689766,504823,350662,35,25.16,10.03,7500,67.59,46754783,93.105,45.5,19.436,13.799,34272.36,1,99.403,7.17,27.4,31.4,,2.97,83.56,0.904
LKA,Asia,Sri Lanka,02/05/21,111753,1891,1482,696,9,7.714,5218.871,88.31,69.209,32.503,0.42,0.36,1.77,,,,,,,,,23730,2743851,128.138,1.108,15488,0.723,0.072,14,tests performed,1016195,928107,88088,24896,12066,4.75,4.33,0.41,563,59.26,21413250,341.955,34.1,10.069,5.331,11669.077,0.7,197.093,10.68,0.3,27,,3.6,76.98,0.782
SDN,Africa,Sudan,02/05/21,33944,0,38.714,2349,0,7,774.106,0,0.883,53.57,0,0.16,0.61,,,,,,,,,,,,,,,,,,140227,140227,,,3094,0.32,0.32,,71,,43849269,23.258,19.7,3.548,2.034,4466.507,,431.388,15.67,,,23.437,0.8,65.31,0.51
SUR,South America,Suriname,02/05/21,10489,61,63.429,207,3,1.286,17879.973,103.983,108.123,352.861,5.114,2.192,1.27,,,,,,,,,,,,,,,,,,39953,39953,,1193,493,6.81,6.81,,840,70.37,586634,3.612,29.6,6.933,4.229,13767.119,,258.314,12.54,7.4,42.9,67.779,3.1,71.68,0.738
SWE,Europe,Sweden,02/05/21,973604,0,5037.286,14048,0,17.857,96403.403,0,498.777,1390.992,0,1.768,1.05,385,38.122,2102,208.134,201.446,19.947,,,46636,,,4.618,46636,4.618,0.117,8.5,tests performed,3266894,2511121,755773,123960,67159,32.35,24.86,7.48,6650,65.74,10099270,24.718,41,19.985,13.433,46949.283,0.5,133.982,4.79,18.8,18.9,,2.22,82.8,0.945
CHE,Europe,Switzerland,02/05/21,659974,0,1923.571,10634,1,9.143,76256.861,0,222.26,1228.708,0.116,1.056,1.01,,,,,,,,,23965,6470107,747.59,2.769,25613,2.959,0.081,12.3,tests performed,2629843,1703819,926024,121157,50887,30.39,19.69,10.7,5880,50.93,8654618,214.243,43.1,18.436,12.644,57410.166,,99.739,5.59,22.6,28.9,,4.53,83.78,0.955
TJK,Asia,Tajikistan,02/05/21,13308,0,0,90,0,0,1395.313,0,0,9.436,0,0,-0,,,,,,,,,,,,,,,,,,,,,,,,,,,35.19,9537642,64.281,23.3,3.466,2.155,2896.913,4.8,427.698,7.11,,,72.704,4.8,71.1,0.668
TZA,Africa,Tanzania,02/05/21,509,0,0,21,0,0,8.521,0,0,0.352,0,0,-0,,,,,,,,,,,,,,,,,,,,,,,,,,,2.78,59734213,64.699,17.7,3.108,1.874,2683.304,49.1,217.288,5.75,3.3,26.7,47.953,0.7,65.46,0.529
THA,Asia,Thailand,02/05/21,68984,1940,1932,245,21,15,988.31,27.794,27.679,3.51,0.301,0.215,1.23,,,,,,,,,60262,4351770,62.346,0.863,66681,0.955,0.035,28.6,tests performed,1486907,1099460,387447,2342,48177,2.13,1.58,0.56,690,56.48,69799978,135.132,40.1,11.373,6.89,16277.671,0.1,109.861,7.04,1.9,38.8,90.67,2.1,77.15,0.777
TLS,Asia,Timor,02/05/21,2444,168,78.143,4,1,0.143,1853.703,127.423,59.269,3.034,0.758,0.108,1.07,,,,,,,,,,,,,,,,,,,,,,,,,,,87.04,1318442,87.176,18,3.556,1.897,6570.102,30.3,335.346,6.86,6.3,78.1,28.178,5.9,69.5,0.606
TGO,Africa,Togo,02/05/21,13010,18,31.857,123,0,0.286,1571.496,2.174,3.848,14.857,0,0.035,0.81,,,,,,,,,925,309090,37.335,0.112,837,0.101,0.04,25.1,tests performed,,,,,,,,,,48.15,8278737,143.366,19.4,2.839,1.525,1429.813,49.2,280.033,6.15,0.9,14.2,10.475,0.7,61.04,0.515
TTO,North America,Trinidad and Tobago,02/05/21,11313,241,233.857,174,3,2.143,8083.653,172.205,167.102,124.331,2.144,1.531,1.76,,,,,,,,,3295,129781,92.734,2.354,925,0.661,0.147,6.8,people tested,42455,42455,,0,1157,3.03,3.03,,827,,1399491,266.886,36.2,10.014,5.819,28763.071,,228.467,10.97,,,89.443,3,73.51,0.796
TUN,Africa,Tunisia,02/05/21,311743,1009,1628.714,10868,60,80.571,26377.28,85.374,137.809,919.566,5.077,6.817,1.03,,,,,,,,,6434,1298972,109.909,0.544,7080,0.599,0.264,3.8,people tested,400364,305484,94880,28281,13393,3.39,2.58,0.8,1133,72.22,11818618,74.228,32.7,8.001,5.075,10849.297,2,318.991,8.52,1.1,65.8,78.687,2.3,76.7,0.74
TUR,Asia,Turkey,02/05/21,4875388,25980,35059.857,40844,340,355.143,57806.995,308.042,415.701,484.283,4.031,4.211,0.73,,,,,,,,,278108,46996712,557.235,3.297,279430,3.313,0.147,6.8,tests performed,23006734,13800405,9206329,107688,267967,27.28,16.36,10.92,3177,83.33,84339067,104.914,31.6,8.153,5.061,25129.341,0.2,171.285,12.13,14.1,41.1,,2.81,77.69,0.82
UGA,Africa,Uganda,02/05/21,41905,0,35.714,342,0,0.143,916.137,0,0.781,7.477,0,0.003,1.21,,,,,,,,,2487,1012558,22.137,0.054,1967,0.043,0.023,43.7,samples tested,339607,339607,,8727,9043,0.74,0.74,,198,52.78,45741000,213.759,16.4,2.168,1.308,1697.707,41.6,213.333,2.5,3.4,16.7,21.222,0.5,63.37,0.544
UKR,Europe,Ukraine,02/05/21,2137959,5217,8394.143,46447,166,332.286,48885.782,119.29,191.937,1062.04,3.796,7.598,0.74,,,,,,,,,41388,9418779,215.366,0.946,41168,0.941,0.243,4.1,tests performed,755391,755101,290,177,32480,1.73,1.73,0,743,69.44,43733759,77.39,41.4,16.462,11.133,7894.393,0.1,539.849,7.11,13.5,47.4,,8.8,72.06,0.779
ARE,Asia,United Arab Emirates,02/05/21,523795,1847,1865.286,1593,2,3.143,52959.941,186.747,188.596,161.065,0.202,0.318,0.97,,,,,,,,,193693,43310259,4379.02,19.584,116266,11.755,0.016,60.8,tests performed,10634693,5081853,3836521,24743,59835,107.53,51.38,38.79,6050,56.48,9890400,112.442,34,1.144,0.526,67293.483,,317.84,17.26,1.2,37.4,,1.2,77.97,0.89
GBR,Europe,United Kingdom,02/05/21,4435831,1674,2198.286,127796,14,16.429,65342.35,24.659,32.382,1882.509,0.206,0.242,0.9,185,2.725,1451,21.374,,,292,4.301,1360719,151516625,2231.927,20.044,1081067,15.925,0.002,463.6,tests performed,49834997,34505380,15329617,515479,503641,73.41,50.83,22.58,7419,61.11,67886004,272.898,40.8,18.517,12.527,39753.244,0.2,122.137,4.28,20,24.7,,2.54,81.32,0.932
USA,North America,United States,02/05/21,32421641,29367,49209,577045,323,669.429,97949.794,88.721,148.666,1743.324,0.976,2.022,0.88,9180,27.734,34905,105.452,,,30432,91.939,442567,413502739,1249.243,1.337,924887,2.794,0.058,17.2,tests performed,245591469,147047012,104774652,2127998,2418580,73.43,43.97,31.33,7232,56.94,331002647,35.608,38.3,15.413,9.732,54225.446,1.2,151.089,10.79,19.1,24.6,,2.77,78.86,0.926
URY,South America,Uruguay,02/05/21,202492,1584,2518.143,2724,55,56.857,58292.433,455.994,724.911,784.172,15.833,16.368,0.93,,,,,,,,,14347,1789328,515.103,4.13,14106,4.061,0.201,5,tests performed,1834409,1165904,668505,210,33146,52.81,33.56,19.24,9542,,3473727,19.751,35.6,14.655,10.361,20551.409,0.1,160.708,6.93,14,19.9,,2.8,77.91,0.817
UZB,Asia,Uzbekistan,02/05/21,91643,393,373.714,652,2,1.286,2738.129,11.742,11.166,19.481,0.06,0.038,1.2,,,,,,,,,,,,,,,,,,600369,600369,,,20259,1.79,1.79,,605,23.15,33469199,76.134,28.2,4.469,2.873,6253.104,,724.417,7.57,1.3,24.7,,4,71.72,0.72
VUT,Oceania,Vanuatu,02/05/21,4,0,0,1,0,0,13.023,0,0,3.256,0,0,,,,,,,,,,,,,,,,,,,,,,,,,,,,22.22,307150,22.662,23.1,4.394,2.62,2921.909,13.2,546.3,12.02,2.8,34.5,25.209,,70.47,0.609
VEN,South America,Venezuela,02/05/21,200067,1202,1221.286,2172,17,17.857,7035.708,42.27,42.949,76.382,0.598,0.628,1.02,,,,,,,,,,,,,,,,,,,,,,,,,,,81.48,28435943,36.253,29,6.614,3.915,16745.022,,204.85,6.47,,,,0.8,72.06,0.711
VNM,Asia,Vietnam,02/05/21,2962,20,17,35,0,0,30.43,0.205,0.175,0.36,0,0,1.43,,,,,,,,,,,,,,,,,,506435,506435,,80797,53975,0.52,0.52,,555,22.22,97338583,308.127,32.6,7.15,4.718,6171.884,2,245.465,6,1,45.9,85.847,2.6,75.4,0.704
YEM,Asia,Yemen,02/05/21,6341,16,29.143,1233,4,6.571,212.6,0.536,0.977,41.34,0.134,0.22,0.78,,,,,,,,,,,,,,,,,,,,,,,,,,,34.26,29825968,53.508,20.3,2.922,1.583,1479.147,18.8,495.003,5.35,7.6,29.2,49.542,0.7,66.12,0.47
ZMB,Africa,Zambia,02/05/21,91693,23,47.857,1253,2,1,4987.664,1.251,2.603,68.157,0.109,0.054,0.73,,,,,,,,,5500,1394900,75.876,0.299,4207,0.229,0.012,85.6,tests performed,32034,32034,,5454,2714,0.17,0.17,,148,39.81,18383956,22.995,17.7,2.48,1.542,3689.251,57.5,234.499,3.94,3.1,24.7,13.938,2,63.89,0.584
ZWE,Africa,Zimbabwe,02/05/21,38281,21,27.857,1570,2,1.857,2575.603,1.413,1.874,105.632,0.135,0.125,0.8,,,,,,,,,2025,488826,32.889,0.136,1716,0.115,0.018,56.9,tests performed,524199,430068,94131,3900,19169,3.53,2.89,0.63,1290,51.85,14862927,42.729,19.6,2.822,1.882,1899.775,21.4,307.846,1.82,1.6,30.7,36.791,1.7,61.49,0.571
